TARA_155 TARA_158 TARA_178 TARA_206 TARA_208 TARA_209 TARA_210
TARA_155 0 1673.93246307827 4170.44990900041 2540.64394184679 2378.76394909869 2281.05541898643 2387.53496214071
TARA_158 1673.93246307827 0 2505.561418566 2106.58200207375 2090.35918756242 2355.91845605416 2678.04034910203
TARA_178 4170.44990900041 2505.561418566 0 3180.39402058563 3342.32865588693 3825.19687712926 4206.46398685994
TARA_206 2540.64394184679 2106.58200207375 3180.39402058563 0 220.570268650393 696.082890174725 1053.59098727814
TARA_208 2378.76394909869 2090.35918756242 3342.32865588693 220.570268650393 0 494.236046607418 867.36764253344
TARA_209 2281.05541898643 2355.91845605416 3825.19687712926 696.082890174725 494.236046607418 0 383.082480176456
TARA_210 2387.53496214071 2678.04034910203 4206.46398685994 1053.59098727814 867.36764253344 383.082480176456 0
