	TARA_155	TARA_158	TARA_178	TARA_206	TARA_208	TARA_209	TARA_210
TARA_155	0.00	198.21	509.50	423.67	423.67	298.26	284.57
TARA_158	198.21	0.00	355.83	474.94	474.94	325.15	311.46
TARA_178	509.50	355.83	0.00	996.41	996.41	1278.45	1050.87
TARA_206	423.67	474.94	996.41	0.00	0.00	142.63	196.45
TARA_208	423.67	474.94	996.41	0.00	0.00	142.63	196.45
TARA_209	298.26	325.15	1278.45	142.63	142.63	0.00	119.58
TARA_210	284.57	311.46	1050.87	196.45	196.45	119.58	0.00
