TARA_7	TARA_9	TARA_18	TARA_22	TARA_23	TARA_25
TARA_7	0	0.0490795874795046	0.0759493670886074	0.153846153846154	0.0909090909090909	0.0978766785218397
TARA_9	0.0490795874795046	0	0.0560747663551404	0.208604296215641	0.0961492519693868	0.100847115772489
TARA_18	0.0759493670886074	0.0560747663551404	0	0.222222222222222	0.1	0.105263157894737
TARA_22	0.153846153846154	0.208604296215641	0.222222222222222	0	0.119613864730711	0.140730020114802
TARA_23	0.0909090909090909	0.0961492519693868	0.1	0.119613864730711	0	0.0716188221367267
TARA_25	0.0978766785218397	0.100847115772489	0.105263157894737	0.140730020114802	0.0716188221367267	0
